0 0 
46 1 
405 1 
16 2 
403 2 
136 4 
13 5 
162 5 
42 6 
96 6 
228 6 
150 8 
152 9 
44 10 
351 10 
195 11 
119 12 
229 12 
180 13 
33 14 
184 15 
241 15 
355 15 
149 16 
235 16 
114 17 
233 19 
191 20 
333 20 
139 21 
236 22 
50 23 
124 23 
15 24 
379 24 
256 25 
362 25 
296 26 
261 28 
422 28 
156 29 
35 30 
140 30 
339 30 
315 32 
107 33 
286 33 
28 35 
311 35 
24 36 
204 37 
98 38 
415 38 
293 39 
295 39 
60 40 
191 41 
198 41 
116 43 
348 43 
150 44 
187 45 
355 45 
337 46 
236 47 
161 48 
352 48 
351 49 
48 50 
108 50 
311 50 
189 52 
276 53 
136 54 
178 54 
322 55 
121 56 
367 56 
365 57 
357 58 
38 59 
59 60 
392 60 
314 61 
154 62 
354 62 
156 63 
379 63 
193 65 
99 66 
332 66 
145 67 
318 67 
297 68 
234 69 
28 70 
72 70 
314 71 
43 72 
316 72 
349 73 
396 73 
200 75 
4 76 
93 76 
175 77 
288 77 
386 77 
329 79 
356 79 
186 81 
205 81 
67 82 
257 83 
199 84 
376 84 
400 85 
271 86 
94 87 
11 88 
170 88 
218 89 
323 89 
98 90 
285 91 
144 92 
171 93 
206 93 
247 93 
262 94 
413 95 
126 96 
174 96 
147 98 
214 98 
10 99 
139 99 
382 100 
125 101 
402 101 
124 103 
212 103 
254 104 
94 105 
114 105 
180 105 
114 107 
125 107 
142 109 
140 110 
56 111 
62 111 
162 111 
363 112 
400 112 
270 114 
205 115 
222 115 
268 116 
297 116 
355 116 
355 118 
383 119 
391 119 
423 119 
297 120 
186 122 
392 122 
93 124 
144 124 
418 124 
167 125 
227 126 
291 126 
261 127 
50 129 
59 129 
418 130 
105 131 
236 131 
269 132 
196 133 
234 133 
121 134 
19 136 
228 136 
196 137 
340 137 
58 138 
420 138 
166 140 
135 141 
297 141 
241 142 
276 142 
89 143 
403 144 
174 145 
180 146 
392 146 
10 147 
198 148 
21 149 
328 149 
174 150 
239 150 
56 152 
330 152 
309 153 
98 154 
105 155 
340 155 
284 156 
51 157 
179 157 
309 157 
367 157 
350 158 
123 159 
21 161 
64 162 
226 162 
165 163 
250 163 
216 164 
94 165 
196 166 
306 167 
393 167 
34 168 
124 168 
203 170 
253 170 
4 172 
62 172 
88 172 
125 173 
292 174 
317 174 
226 175 
371 175 
400 177 
319 178 
134 179 
173 179 
235 179 
78 181 
49 182 
2 183 
119 183 
366 183 
137 184 
110 185 
250 186 
397 186 
328 187 
384 187 
303 189 
128 190 
221 190 
278 191 
289 192 
210 193 
374 193 
208 194 
75 195 
416 195 
43 197 
216 197 
300 198 
411 198 
40 199 
392 199 
404 199 
114 202 
154 202 
302 202 
146 203 
128 205 
20 206 
252 206 
186 207 
72 208 
95 208 
78 209 
260 209 
9 211 
183 211 
381 211 
10 212 
18 213 
89 213 
300 214 
214 215 
19 217 
319 217 
352 217 
104 219 
267 219 
320 219 
419 219 
410 221 
120 222 
87 223 
285 223 
204 224 
302 225 
57 226 
191 227 
60 228 
283 228 
298 228 
85 229 
243 229 
142 231 
87 232 
74 233 
108 233 
18 234 
235 234 
91 235 
234 235 
383 235 
88 236 
41 238 
207 239 
416 239 
336 240 
122 241 
288 242 
339 242 
46 243 
415 244 
166 245 
116 246 
288 246 
409 246 
164 247 
160 248 
54 249 
165 250 
130 251 
327 251 
180 252 
363 252 
51 253 
333 253 
389 255 
191 256 
306 256 
25 258 
3 259 
48 259 
421 259 
132 260 
351 261 
66 262 
368 262 
73 263 
309 263 
156 264 
324 265 
281 266 
63 267 
179 267 
320 268 
113 269 
275 270 
241 271 
37 272 
354 272 
71 273 
90 273 
279 273 
116 275 
282 275 
408 275 
181 276 
332 277 
174 279 
186 279 
187 280 
404 280 
334 281 
144 283 
413 283 
359 284 
223 285 
269 285 
182 286 
185 286 
58 287 
188 288 
214 289 
259 289 
298 290 
257 291 
367 292 
196 293 
40 294 
220 294 
335 295 
235 296 
301 296 
69 297 
276 297 
229 298 
60 299 
77 300 
134 300 
285 301 
318 301 
123 303 
48 304 
203 304 
385 305 
115 306 
154 307 
314 307 
353 307 
339 309 
204 310 
206 310 
162 311 
262 311 
394 312 
39 313 
415 314 
327 315 
197 316 
14 317 
232 317 
252 318 
70 319 
422 319 
288 320 
143 321 
71 322 
272 322 
409 322 
123 324 
177 324 
281 325 
107 326 
353 326 
198 327 
226 328 
257 328 
302 329 
383 330 
20 331 
129 331 
266 332 
388 333 
232 334 
139 335 
109 336 
182 336 
233 336 
320 337 
32 339 
151 339 
252 339 
382 339 
11 341 
238 341 
382 342 
72 344 
51 345 
76 345 
233 346 
35 347 
84 347 
258 347 
78 349 
186 349 
212 350 
58 351 
110 351 
214 352 
373 352 
17 354 
34 354 
161 354 
242 355 
134 357 
8 358 
214 358 
279 359 
173 360 
213 360 
324 361 
281 362 
292 362 
64 364 
176 364 
88 365 
115 365 
104 367 
294 367 
25 368 
26 369 
72 369 
327 370 
148 371 
362 371 
54 373 
316 373 
268 374 
117 375 
397 375 
19 376 
77 376 
200 377 
163 378 
181 379 
75 380 
144 380 
129 381 
309 382 
343 382 
304 383 
364 384 
394 384 
68 385 
89 385 
149 385 
35 386 
132 387 
279 389 
152 390 
195 391 
236 391 
244 391 
59 393 
195 393 
99 394 
326 394 
167 395 
124 397 
390 397 
150 398 
289 398 
157 400 
305 400 
141 401 
70 402 
376 402 
93 403 
157 404 
110 405 
346 405 
328 406 
335 407 
220 408 
55 409 
64 409 
262 409 
267 409 
422 409 
0 412 
411 412 
141 414 
52 415 
284 415 
344 415 
377 416 
20 418 
252 418 
59 419 
138 419 
410 419 
150 420 
175 422 
14 423 
288 423 
423 423 
