0 0 
11 0 
38 0 
80 0 
110 0 
122 0 
17 1 
20 1 
37 1 
90 1 
104 1 
4 2 
20 2 
23 2 
67 2 
85 2 
106 2 
126 2 
0 3 
47 3 
67 3 
96 3 
112 3 
12 4 
29 4 
54 4 
68 4 
77 4 
87 4 
92 4 
121 4 
5 5 
59 5 
92 5 
104 5 
130 5 
5 6 
33 6 
55 6 
93 6 
130 6 
6 7 
11 7 
18 7 
84 7 
88 7 
0 8 
4 8 
6 8 
39 8 
81 8 
83 8 
107 8 
118 8 
50 9 
75 9 
91 9 
94 9 
99 9 
18 10 
46 10 
74 10 
83 10 
101 10 
115 10 
12 11 
52 11 
63 11 
88 11 
92 11 
16 12 
34 12 
41 12 
76 12 
107 12 
2 13 
14 13 
32 13 
52 13 
77 13 
110 13 
123 13 
29 14 
38 14 
42 14 
68 14 
69 14 
8 15 
11 15 
22 15 
41 15 
99 15 
122 15 
8 16 
34 16 
56 16 
58 16 
88 16 
101 16 
13 17 
25 17 
39 17 
43 17 
74 17 
80 17 
126 17 
19 18 
65 18 
87 18 
90 18 
2 19 
13 19 
17 19 
24 19 
84 19 
94 19 
123 19 
6 20 
31 20 
68 20 
81 20 
121 20 
11 21 
28 21 
30 21 
45 21 
57 21 
110 21 
6 22 
34 22 
37 22 
61 22 
77 22 
97 22 
108 22 
119 22 
129 22 
55 23 
97 23 
112 23 
6 24 
21 24 
63 24 
67 24 
77 24 
2 25 
15 25 
42 25 
55 25 
64 25 
77 25 
107 25 
130 25 
37 26 
65 26 
79 26 
98 26 
111 26 
120 26 
10 27 
73 27 
90 27 
99 27 
9 28 
37 28 
41 28 
68 28 
78 28 
124 28 
3 29 
24 29 
34 29 
51 29 
71 29 
113 29 
10 30 
25 30 
34 30 
73 30 
89 30 
0 31 
29 31 
44 31 
67 31 
78 31 
80 31 
94 31 
11 32 
23 32 
32 32 
46 32 
88 32 
6 33 
7 33 
37 33 
53 33 
79 33 
126 33 
15 34 
41 34 
61 34 
65 34 
90 34 
91 34 
112 34 
20 35 
53 35 
57 35 
90 35 
117 35 
24 36 
42 36 
62 36 
75 36 
114 36 
5 37 
10 37 
24 37 
40 37 
67 37 
86 37 
117 37 
121 37 
31 38 
34 38 
81 38 
106 38 
117 38 
29 39 
41 39 
74 39 
86 39 
89 39 
18 40 
38 40 
39 40 
66 40 
74 40 
113 40 
118 40 
45 41 
69 41 
90 41 
108 41 
123 41 
24 42 
42 42 
67 42 
88 42 
108 42 
2 43 
17 43 
27 43 
68 43 
72 43 
110 43 
128 43 
14 44 
34 44 
66 44 
69 44 
102 44 
7 45 
12 45 
20 45 
60 45 
98 45 
119 45 
11 46 
39 46 
45 46 
49 46 
86 46 
126 46 
4 47 
12 47 
22 47 
56 47 
72 47 
113 47 
19 48 
48 48 
50 48 
92 48 
108 48 
112 48 
125 48 
43 49 
51 49 
83 49 
102 49 
106 49 
13 50 
25 50 
59 50 
61 50 
71 50 
107 50 
28 51 
50 51 
65 51 
101 51 
123 51 
126 51 
34 52 
60 52 
61 52 
105 52 
114 52 
7 53 
9 53 
70 53 
84 53 
95 53 
126 53 
130 53 
47 54 
64 54 
80 54 
118 54 
6 55 
33 55 
53 55 
73 55 
77 55 
82 55 
121 55 
18 56 
49 56 
72 56 
77 56 
106 56 
18 57 
21 57 
49 57 
84 57 
87 57 
94 57 
96 57 
101 57 
123 57 
29 58 
99 58 
120 58 
23 59 
26 59 
27 59 
75 59 
85 59 
108 59 
125 59 
13 60 
71 60 
90 60 
104 60 
114 60 
34 61 
45 61 
63 61 
89 61 
111 61 
121 61 
24 62 
52 62 
69 62 
99 62 
129 62 
20 63 
38 63 
39 63 
54 63 
55 63 
66 63 
128 63 
26 64 
68 64 
91 64 
109 64 
114 64 
15 65 
50 65 
67 65 
83 65 
89 65 
109 65 
121 65 
51 66 
71 66 
90 66 
104 66 
128 66 
12 67 
39 67 
57 67 
67 67 
99 67 
122 67 
27 68 
56 68 
80 68 
98 68 
104 68 
123 68 
20 69 
39 69 
87 69 
106 69 
108 69 
22 70 
45 70 
47 70 
91 70 
93 70 
127 70 
26 71 
33 71 
65 71 
97 71 
110 71 
125 71 
7 72 
51 72 
62 72 
96 72 
105 72 
119 72 
36 73 
60 73 
65 73 
91 73 
102 73 
115 73 
9 74 
54 74 
58 74 
90 74 
124 74 
1 75 
35 75 
38 75 
51 75 
55 75 
0 76 
14 76 
30 76 
57 76 
77 76 
117 76 
4 77 
25 77 
47 77 
53 77 
74 77 
75 77 
100 77 
29 78 
46 78 
76 78 
97 78 
104 78 
7 79 
18 79 
50 79 
66 79 
76 79 
128 79 
19 80 
31 80 
49 80 
75 80 
77 80 
0 81 
14 81 
38 81 
60 81 
67 81 
85 81 
124 81 
6 82 
25 82 
72 82 
75 82 
84 82 
95 82 
122 82 
10 83 
69 83 
96 83 
98 83 
112 83 
22 84 
23 84 
28 84 
55 84 
101 84 
16 85 
29 85 
40 85 
68 85 
104 85 
120 85 
20 86 
34 86 
64 86 
68 86 
69 86 
107 86 
1 87 
26 87 
42 87 
47 87 
50 87 
66 87 
100 87 
130 87 
21 88 
89 88 
102 88 
7 89 
25 89 
33 89 
57 89 
64 89 
66 89 
98 89 
101 89 
17 90 
46 90 
90 90 
97 90 
12 91 
28 91 
42 91 
50 91 
93 91 
104 91 
3 92 
14 92 
62 92 
77 92 
99 92 
105 92 
8 93 
17 93 
69 93 
91 93 
114 93 
127 93 
22 94 
30 94 
43 94 
50 94 
86 94 
98 94 
5 95 
35 95 
61 95 
97 95 
106 95 
13 96 
31 96 
56 96 
69 96 
86 96 
122 96 
130 96 
8 97 
37 97 
39 97 
82 97 
106 97 
111 97 
29 98 
40 98 
48 98 
50 98 
89 98 
18 99 
32 99 
48 99 
62 99 
64 99 
72 99 
122 99 
24 100 
56 100 
93 100 
108 100 
124 100 
32 101 
56 101 
60 101 
63 101 
122 101 
125 101 
32 102 
54 102 
66 102 
88 102 
125 102 
16 103 
27 103 
53 103 
81 103 
98 103 
101 103 
124 103 
29 104 
51 104 
54 104 
58 104 
107 104 
124 104 
129 104 
44 105 
72 105 
80 105 
111 105 
130 105 
0 106 
60 106 
68 106 
81 106 
86 106 
6 107 
49 107 
73 107 
87 107 
113 107 
12 108 
15 108 
31 108 
32 108 
52 108 
112 108 
7 109 
42 109 
61 109 
86 109 
99 109 
123 109 
24 110 
39 110 
40 110 
80 110 
102 110 
115 110 
23 111 
25 111 
67 111 
81 111 
117 111 
10 112 
21 112 
51 112 
55 112 
93 112 
113 112 
117 112 
30 113 
40 113 
81 113 
96 113 
113 113 
14 114 
33 114 
47 114 
52 114 
69 114 
102 114 
114 114 
12 115 
29 115 
71 115 
84 115 
121 115 
130 115 
8 116 
68 116 
91 116 
98 116 
107 116 
6 117 
53 117 
59 117 
90 117 
119 117 
3 118 
27 118 
29 118 
38 118 
92 118 
102 118 
115 118 
0 119 
45 119 
50 119 
51 119 
68 119 
81 119 
125 119 
23 120 
86 120 
90 120 
127 120 
9 121 
39 121 
60 121 
75 121 
86 121 
125 121 
10 122 
32 122 
38 122 
58 122 
98 122 
105 122 
128 122 
23 123 
24 123 
69 123 
115 123 
13 124 
29 124 
51 124 
62 124 
99 124 
107 124 
122 124 
26 125 
50 125 
74 125 
101 125 
127 125 
18 126 
28 126 
55 126 
75 126 
93 126 
111 126 
113 126 
3 127 
43 127 
61 127 
92 127 
2 128 
4 128 
19 128 
44 128 
65 128 
81 128 
120 128 
125 128 
11 129 
63 129 
64 129 
95 129 
9 130 
11 130 
43 130 
50 130 
62 130 
91 130 
130 130 
